-0.165874
 0.057207
 -1.533069
 -0.395335
 -0.706488
 -0.815322
 -0.627480
 -0.308879
 -0.206467
 0.077633
 -0.161611
 0.370439
 -0.591096
 0.756235
 -0.945225

0.341192
 -1.378963
 0.414663
 -0.719226
 -0.603797
 0.601493
 0.936523
 -0.373152
 0.384643
 0.752778
 0.789213
 -0.829912
 -0.921890
 -0.660339
 0.756285

-0.803291
 -0.226474
 0.764926
 0.066331
 0.383754
 -0.368969
 0.373002
 0.669251
 -0.963424
 0.500289
 0.977722
 0.496331
 -0.439112
 0.578559
 -0.793548

-0.104219
 0.771412
 1.240787
 -0.424449
 -0.739943
 -0.961266
 0.357671
 -0.576744
 -0.468904
 -0.016854
 -0.893275
 0.148235
 -0.706543
 0.178611
 0.399517

