-0.726740
 -0.260929
 0.482808
 -0.334432
 -0.897160

0.085062
 0.304632
 0.030463
 0.862546
 0.157218

1.658589
 -0.777489
 -0.595444
 0.632384
 0.153959

-0.669292
 0.855017
 -0.304468
 0.501624
 0.451996

0.766612
 0.247344
 0.501885
 -0.302203
 -0.460144

0.860359
 -0.232858
 1.023687
 0.164092
 0.246322

-0.701922
 0.809938
 -0.006168
 -0.006011
 -0.180796

-0.525946
 0.806759
 0.147359
 -0.994259
 0.234290

-0.278124
 -0.034924
 0.865891
 -0.448251
 0.820001

0.315307
 -1.057398
 0.952882
 0.219003
 0.997576

-0.586732
 -0.814769
 0.959198
 0.230846
 -0.865069

0.510926
 0.507752
 0.846049
 0.423050
 -0.751458

-0.960240
 -0.947578
 -0.943387
 -0.507578
 0.720056

0.077662
 0.105644
 0.684062
 -0.751653
 -0.441633

0.240105
 0.850151
 0.216068
 -1.125496
 0.604196

